6.52381 4.69634 0
6.48914 7.71165 1
6.50006 10.72352 2
6.62832 13.74891 3
9.57421 4.73141 4
9.51280 7.74703 5
9.49700 10.74893 6
9.41600 13.78291 7
12.54858 4.80615 8
12.48599 7.82498 9
12.51276 10.83506 10
12.45464 13.86322 11
15.39482 4.82073 12
15.52850 7.84534 13
15.51958 10.82930 14
15.51370 13.86465 15
18.35979 4.76930 16
18.51698 7.77696 17
18.55074 10.79105 18
18.61201 13.81073 19
21.36871 4.72381 20
21.54918 7.73592 21
21.58240 10.74437 22
21.63802 13.74731 23
24.44233 4.62148 24
24.58749 7.65087 25
24.55254 10.65836 26
24.61009 13.68198 27
